542

8111117171

1118111171111111. 1. .p.11. 48. 72. 07-101. 103105. ¹

106. 115. 133. 320. 325. 326.
334336. 341. 343. 348. 340.
352. 362. 384. 374. 375. 378.
380. 405. 417. 404.
11.. p. 110. 114. 115. 117. 121. 130.
232. 233. 348. 355. 350. 381.
· 444.
111. ............... p. 381.
7111. . p. 84. 03οο5. 9⁰. 101. 134. 318.
347. 351. 361. 366. 367 η.
375. 370. 377. 383. 405.
11707711. ‚.p. 08. 381. 375. 376. 386 sq.
11. p..104 106.111. 114. 116. 320.

{pp 1717117717, 117. 417.

111.. ..p 93. 106. 118. 318. 320. 336.
340. 350. 375. 400. 405. 436.
, 443, 447.
’ 87 8111111. ..p.ll4. 118. 250. 354. 454. 500.
Ι 0717701 ........... p. 118 tq. 412. 450.
37. 8111111171
11711. Phys. ed. 11771. T. 1. .. p. 02“-04, 00. 335 sq. 338.
330. 341. 344. 348- 361.
360. 305. 400· 402. 403·
407. 417- 410 432. 424.
425 oq. 488. 511. 527.
Τ..11....ρ131 140410. 428. 431.
432. 433. 434. 437. 460.
Ι 400. 408 510. 534.
Ι 8711811117. ....... 7 ............ p. 84.
817111. 7111117118. 78. 04111.. .p. 86. 00. 434 sq. 460.
461. 482. 500. 526

 

